1	0.00847457627118644 2 12 13 23 29 30 36 79 108 112 113 115 116
2	0.00847457627118644 1 8 15 20 21 22 25 26 31 32 33 34 39 40 61 65 81 82 85 87 90 91 92 93 105 109 114 117 118
3	0.00847457627118644 4 5 6 24 73 74
4	0.00847457627118644 3 5 6 7 24 43 94 95
5	0.00847457627118644 3 4 6 24 43 73 74 104
6	0.00847457627118644 3 4 5 9 43 88 89
7	0.00847457627118644 4
8	0.00847457627118644 2
9	0.00847457627118644 6 10 11 27 38 84
10	0.00847457627118644 9 11
11	0.00847457627118644 9 10 12 47 50 84
12	0.00847457627118644 1 11 28 30 47 50 54 55 56 57 59 64 69 70 71 72 83 98 101 102 103 108
13	0.00847457627118644 1
14	0.00847457627118644 15
15	0.00847457627118644 2 14 20 21 22 53 66 75
16	0.00847457627118644 17 18 19
17	0.00847457627118644 16 18 19 24 78 86
18	0.00847457627118644 16 17 19
19	0.00847457627118644 16 17 18
20	0.00847457627118644 2 15 21 22 25
21	0.00847457627118644 2 15 20 22
22	0.00847457627118644 2 15 20 21 44 49 61
23	0.00847457627118644 1 80
24	0.00847457627118644 3 4 5 17 37 45 48 73 74 76 77 78 86 94 95 99 100 104 106 107
25	0.00847457627118644 2 20
26	0.00847457627118644 2
27	0.00847457627118644 9 35 38 58
28	0.00847457627118644 12 97
29	0.00847457627118644 1
30	0.00847457627118644 1 12 79 116
31	0.00847457627118644 2 32 33 34
32	0.00847457627118644 2 31 33 34
33	0.00847457627118644 2 31 32 34
34	0.00847457627118644 2 31 32 33
35	0.00847457627118644 27
36	0.00847457627118644 1 41 42
37	0.00847457627118644 24
38	0.00847457627118644 9 27
39	0.00847457627118644 2 40
40	0.00847457627118644 2 39
41	0.00847457627118644 36 42
42	0.00847457627118644 36 41
43	0.00847457627118644 4 5 6
44	0.00847457627118644 22
45	0.00847457627118644 24
46	0.00847457627118644 47
47	0.00847457627118644 11 12 46 50
48	0.00847457627118644 24
49	0.00847457627118644 22
50	0.00847457627118644 11 12 47
51	0.00847457627118644 52 53 62 63
52	0.00847457627118644 51 53
53	0.00847457627118644 15 51 52 62 63 66 75
54	0.00847457627118644 12
55	0.00847457627118644 12 59
56	0.00847457627118644 12 57 60 96 110 111
57	0.00847457627118644 12 56
58	0.00847457627118644 27
59	0.00847457627118644 12 55
60	0.00847457627118644 56 96
61	0.00847457627118644 2 22
62	0.00847457627118644 51 53 63
63	0.00847457627118644 51 53 62
64	0.00847457627118644 12
65	0.00847457627118644 2
66	0.00847457627118644 15 53 67 68 75
67	0.00847457627118644 66 68
68	0.00847457627118644 66 67
69	0.00847457627118644 12 70 71 72
70	0.00847457627118644 12 69 71 72
71	0.00847457627118644 12 69 70 72
72	0.00847457627118644 12 69 70 71 101 102 103
73	0.00847457627118644 3 5 24 74
74	0.00847457627118644 3 5 24 73
75	0.00847457627118644 15 53 66
76	0.00847457627118644 24 77
77	0.00847457627118644 24 76 99
78	0.00847457627118644 17 24 86
79	0.00847457627118644 1 30 116
80	0.00847457627118644 23
81	0.00847457627118644 2 82
82	0.00847457627118644 2 81
83	0.00847457627118644 12
84	0.00847457627118644 9 11
85	0.00847457627118644 2
86	0.00847457627118644 17 24 78
87	0.00847457627118644 2
88	0.00847457627118644 6 89
89	0.00847457627118644 6 88
90	0.00847457627118644 2 91
91	0.00847457627118644 2 90
92	0.00847457627118644 2 114
93	0.00847457627118644 2
94	0.00847457627118644 4 24 95
95	0.00847457627118644 4 24 94 100
96	0.00847457627118644 56 60
97	0.00847457627118644 28
98	0.00847457627118644 12
99	0.00847457627118644 24 77
100	0.00847457627118644 24 95
101	0.00847457627118644 12 72 102 103
102	0.00847457627118644 12 72 101 103
103	0.00847457627118644 12 72 101 102
104	0.00847457627118644 5 24
105	0.00847457627118644 2
106	0.00847457627118644 24 107
107	0.00847457627118644 24 106
108	0.00847457627118644 1 12 115
109	0.00847457627118644 2
110	0.00847457627118644 56 111
111	0.00847457627118644 56 110
112	0.00847457627118644 1
113	0.00847457627118644 1
114	0.00847457627118644 2 92
115	0.00847457627118644 1 108
116	0.00847457627118644 1 30 79
117	0.00847457627118644 2 118
118	0.00847457627118644 2 117
